"flags","spin_unlock_irqrestore"
"flags","spin_lock_irqsave"
"qdev->spinlock","spin_unlock_irqrestore"
"qdev->spinlock","spin_lock_irqsave"
"qdev->spinlock","invalid_sem"
"qdev->spinlock","slice_ent[i].sem0"
"qdev->spinlock","slice_ent[i].sem1"
"qdev->spinlock","slice_ent[i].sem2"
"qdev->spinlock","slice_ent[i].sem3"
"slice_ent[i].sem0","spin_unlock_irqrestore"
"slice_ent[i].sem0","spin_lock_irqsave"
"slice_ent[i].sem0","invalid_sem"
"slice_ent[i].sem0","qdev->spinlock"
"slice_ent[i].sem0","slice_ent[i].sem1"
"slice_ent[i].sem0","slice_ent[i].sem2"
"slice_ent[i].sem0","slice_ent[i].sem3"
"slice_ent[i].sem1","spin_unlock_irqrestore"
"slice_ent[i].sem1","spin_lock_irqsave"
"slice_ent[i].sem1","invalid_sem"
"slice_ent[i].sem1","qdev->spinlock"
"slice_ent[i].sem1","slice_ent[i].sem0"
"slice_ent[i].sem1","slice_ent[i].sem2"
"slice_ent[i].sem1","slice_ent[i].sem3"
"slice_ent[i].sem2","spin_unlock_irqrestore"
"slice_ent[i].sem2","spin_lock_irqsave"
"slice_ent[i].sem2","invalid_sem"
"slice_ent[i].sem2","qdev->spinlock"
"slice_ent[i].sem2","slice_ent[i].sem0"
"slice_ent[i].sem2","slice_ent[i].sem1"
"slice_ent[i].sem2","slice_ent[i].sem3"
"slice_ent[i].sem3","spin_unlock_irqrestore"
"slice_ent[i].sem3","spin_lock_irqsave"
"slice_ent[i].sem3","invalid_sem"
"slice_ent[i].sem3","qdev->spinlock"
"slice_ent[i].sem3","slice_ent[i].sem0"
"slice_ent[i].sem3","slice_ent[i].sem1"
"slice_ent[i].sem3","slice_ent[i].sem2"
